public enum ProblemInstance {
    instance;

    public double[][] distance = {
            {0.0, 1281.9865860584662, 3449.370786832764, 2695.050561891569, 1221.935699210858, 1719.272748541541, 269.1577683808566, 2803.487528838584, 988.3016809215787, 1155.8414848580628, 2738.0737900568915, 2885.707563978116, 2295.517959847698, 1188.9953345415654, 1279.230363389084, 2198.139059196468, 973.0500992455242, 515.8827531437618, 2212.483708044523, 2089.1152355312893,},
            {1281.9865860584662, 0.0, 2167.720586059857, 1430.7088102933405, 969.6889489628862, 1560.9613027376586, 1443.8778035090475, 3176.03332793701, 1719.939839427007, 2319.3998747144724, 3999.9393388197914, 3580.2704538591497, 3386.4281259185914, 2444.268543999097, 565.1836965373273, 3480.1237000089823, 2001.2046815634872, 864.0645502676999, 3012.8506189044692, 984.5445465210203,},
            {3449.370786832764, 2167.720586059857, 0.0, 864.6770724738301, 2755.3415780019204, 3037.0044509566646, 3604.355313666052, 4656.096896903074, 3729.1808628742538, 4447.017770070292, 6157.9507167502325, 5312.210170880011, 5440.914405722386, 4595.281641122096, 2345.4850650815815, 5647.338686212772, 4068.1536549185607, 3011.0342012830524, 4885.765534442896, 1672.3108813032836,},
            {2695.050561891569, 1430.7088102933405, 864.6770724738301, 0.0, 1899.4039697468306, 2175.806167425909, 2820.996160788672, 3811.8516426358296, 2882.755213615326, 3628.876099167852, 5356.905034483794, 4450.439327808877, 4593.072818833719, 3871.571569736018, 1754.5053787305849, 4884.06751997139, 3417.8765344653084, 2223.2657980849854, 4021.6542059579556, 807.8556962025317,},
            {1221.935699210858, 969.6889489628862, 2755.3415780019204, 1899.4039697468306, 0.0, 626.847196487271, 1189.7743347663218, 2207.5326446711715, 994.3101903475928, 1803.1199592145106, 3543.444069412187, 2661.062990498184, 2696.768963349888, 2336.17403257529, 1452.9552454137925, 3175.283087115223, 2186.7892833634796, 744.2372524254433, 2153.2006759117176, 1120.3700169514682,},
            {1719.272748541541, 1560.9613027376586, 3037.0044509566646, 2175.806167425909, 626.847196487271, 0.0, 1609.1717409737241, 1681.572042548688, 1104.665342087065, 1959.5206474748227, 3635.544812136514, 2275.2083677162846, 2620.4469542898128, 2706.176211567088, 2072.2574237820468, 3388.4599829769545, 2689.806757795617, 1311.6874802539023, 1895.567373266351, 1371.4116076462694,},
            {269.1577683808566, 1443.8778035090475, 3604.355313666052, 2820.996160788672, 1189.7743347663218, 1609.1717409737241, 0.0, 2568.0997410511886, 752.080546157783, 911.379739304572, 2556.2179002606963, 2620.7668382075426, 2041.8867499873922, 1147.1053038407867, 1513.809809398858, 2066.308683791477, 1106.8997321168813, 597.7357463350535, 1944.8528799545538, 2163.2585949633726,},
            {2803.487528838584, 3176.03332793701, 4656.096896903074, 3811.8516426358296, 2207.5326446711715, 1681.572042548688, 2568.0997410511886, 0.0, 1817.2808365648063, 2231.6048691755145, 3297.834099410706, 892.3987341772153, 2048.2726506444365, 3268.6195402083176, 3619.307154094134, 3415.0871053989163, 3610.311706740202, 2638.016418152153, 1116.425039853658, 3026.118260692911,},
            {988.3016809215787, 1719.939839427007, 3729.1808628742538, 2882.755213615326, 994.3101903475928, 1104.665342087065, 752.080546157783, 1817.2808365648063, 0.0, 858.9432121844443, 2573.9343888123085, 1947.7544967000229, 1711.7371747531286, 1663.3430093804077, 1999.0649802840762, 2284.651997624926, 1829.8379013741192, 938.6622988958119, 1317.1588125383837, 2114.327309486581,},
            {1155.8414848580628, 2319.3998747144724, 4447.017770070292, 3628.876099167852, 1803.1199592145106, 1959.5206474748227, 911.379739304572, 2231.6048691755145, 858.9432121844443, 0.0, 1741.5825289098439, 1993.09701499071, 1143.7155964052704, 1042.8667099507982, 2425.041228155077, 1430.3387036707059, 1528.6593989580392, 1455.3825027781274, 1301.6930107559624, 2901.4128332758683,},
            {2738.0737900568915, 3999.9393388197914, 6157.9507167502325, 5356.905034483794, 3543.444069412187, 3635.544812136514, 2556.2179002606963, 3297.834099410706, 2573.9343888123085, 1741.5825289098439, 0.0, 2602.5215625072497, 1250.770012272594, 1796.1818865023483, 3994.243649433106, 750.0832967855291, 2535.3341959375953, 3146.935827952958, 2187.4348181192213, 4641.965896670983,},
            {2885.707563978116, 3580.2704538591497, 5312.210170880011, 4450.439327808877, 2661.062990498184, 2275.2083677162846, 2620.7668382075426, 892.3987341772153, 1947.7544967000229, 1993.09701499071, 2602.5215625072497, 0.0, 1380.9015711450384, 3008.747473131068, 3932.1349796178956, 2872.451850632357, 3509.765086033703, 2879.5853388490073, 695.3854822206112, 3644.1874199386566,},
            {2295.517959847698, 3386.4281259185914, 5440.914405722386, 4593.072818833719, 2696.768963349888, 2620.4469542898128, 2041.8867499873922, 2048.2726506444365, 1711.7371747531286, 1143.7155964052704, 1250.770012272594, 1380.9015711450384, 0.0, 1908.9501706458905, 3550.9691226403993, 1508.9931627857304, 2566.415526920967, 2536.2911392405067, 945.4532585020678, 3815.07957966452,},
            {1188.9953345415654, 2444.268543999097, 4595.281641122096, 3871.571569736018, 2336.17403257529, 2706.176211567088, 1147.1053038407867, 3268.6195402083176, 1663.3430093804077, 1042.8667099507982, 1796.1818865023483, 3008.747473131068, 1908.9501706458905, 0.0, 2301.6218974338503, 1116.6226197224473, 742.813100741089, 1697.5535510090701, 2328.4369263345493, 3277.0989183712386,},
            {1279.230363389084, 565.1836965373273, 2345.4850650815815, 1754.5053787305849, 1452.9552454137925, 2072.2574237820468, 1513.809809398858, 3619.307154094134, 1999.0649802840762, 2425.041228155077, 3994.243649433106, 3932.1349796178956, 3550.9691226403993, 2301.6218974338503, 0.0, 3398.4842073901345, 1724.6789979589366, 1060.9859139012524, 3316.178703676929, 1497.8413685374146,},
            {2198.139059196468, 3480.1237000089823, 5647.338686212772, 4884.06751997139, 3175.283087115223, 3388.4599829769545, 2066.308683791477, 3415.0871053989163, 2284.651997624926, 1430.3387036707059, 750.0832967855291, 2872.451850632357, 1508.9931627857304, 1116.6226197224473, 3398.4842073901345, 0.0, 1833.3067001722138, 2662.6541984380665, 2314.0674761261944, 4222.400205568656,},
            {973.0500992455242, 2001.2046815634872, 4068.1536549185607, 3417.8765344653084, 2186.7892833634796, 2689.806757795617, 1106.8997321168813, 3610.311706740202, 1829.8379013741192, 1528.6593989580392, 2535.3341959375953, 3509.765086033703, 2566.415526920967, 742.813100741089, 1724.6789979589366, 1833.3067001722138, 0.0, 1451.6793106472878, 2814.4667026280295, 2935.3079683888323,},
            {515.8827531437618, 864.0645502676999, 3011.0342012830524, 2223.2657980849854, 744.2372524254433, 1311.6874802539023, 597.7357463350535, 2638.016418152153, 938.6622988958119, 1455.3825027781274, 3146.935827952958, 2879.5853388490073, 2536.2911392405067, 1697.5535510090701, 1060.9859139012524, 2662.6541984380665, 1451.6793106472878, 0.0, 2255.4593077846175, 1580.929972239587,},
            {2212.483708044523, 3012.8506189044692, 4885.765534442896, 4021.6542059579556, 2153.2006759117176, 1895.567373266351, 1944.8528799545538, 1116.425039853658, 1317.1588125383837, 1301.6930107559624, 2187.4348181192213, 695.3854822206112, 945.4532585020678, 2328.4369263345493, 3316.178703676929, 2314.0674761261944, 2814.4667026280295, 2255.4593077846175, 0.0, 3216.451072613857,},
            {2089.1152355312893, 984.5445465210203, 1672.3108813032836, 807.8556962025317, 1120.3700169514682, 1371.4116076462694, 2163.2585949633726, 3026.118260692911, 2114.327309486581, 2901.4128332758683, 4641.965896670983, 3644.1874199386566, 3815.07957966452, 3277.0989183712386, 1497.8413685374146, 4222.400205568656, 2935.3079683888323, 1580.929972239587, 3216.451072613857, 0.0,}
    };

    public int getNumberOfCities() {
        return distance.length;
    }

    public double getDistance(int from, int to) {
        return distance[from - 1][to - 1];
    }
}